0 1 1417
0 2 1332
0 3 412
0 4 1126
0 5 634
0 7 1901
0 8 1228
1 0 1417
1 4 1502
1 5 711
1 6 2405
1 7 305
1 9 908
2 0 1332
2 3 821
2 4 1605
2 6 1705
2 8 2312
3 0 412
3 2 821
3 6 111
3 7 2238
3 8 522
4 0 1126
4 1 1502
4 2 1605
4 5 203
4 7 2516
4 9 2001
5 0 634
5 1 711
6 1 2405
6 2 1705
6 3 111
5 4 203
6 8 1014
7 0 1901
7 1 305
7 3 2238
7 4 2516
7 8 2121
7 9 1808
8 0 1228
8 2 2312
8 3 522
8 6 1014
8 7 2121
9 1 908
9 4 2001
9 7 1808

